$ANSIBLE_VAULT;1.1;AES256
31313239353239663063643739303366303939626466336430643734643731303532346134336432
6233663464303236626338623162626537626135303265380a313766636563666339646165623032
37626339333434393065323333353663333061373863306137353134643463633763356438313865
6161353864656463330a613331663635306535373030346436356239653961393036333562633361
63343335623961363461386135626332393263306238313264653337343335383433613637386337
35386333373261353832303534663564383130346538396533633132306437353531366332373261
38346566356430656134376632336664393939613661656636383139393663663731383031656366
30363663613832306431623761613636336366366165363965623563333831373963313230306130
36316362386432313735346337336239393333313866326665663066303537653532373737346236
66626534613130653265306636613538323462393937393332616536373661396639323938313138
61666339623137393538333030633565323735613161646364396637396563613539333937303837
63613638303865373163303537346434393439303334383561373562346337623236643638313133
66636632303239383463343632333533333963626135663138323532323266383834336337353037
34346636306661376562363535373361356537373235373861643965366162366430666232373361
65653337383862663730346334313838386161376336653265613335616132393330353234363436
34663133373932336431636366613930383033383239303432613134323562306538393437653234
30396365346632303433656336323165346138633163653063306231623861303132353335373633
31353539613362316430653534346265366365623731303762636333376134346161666534366563
62633634666335643737656237343134643839613034313065663038326336326138616232386536
65323131636232663339633034373938653239343737333232366333393464623534363633306537
62323865396165373164613233343161616432343137323432623634383433333331366461646137
63343539333937653964373135363166323236386164313663303662376662323861393439333736
37616139346436313730613261376538613736336131646661306333336665633065346434353762
30643838353832346466633564343366303035306434353934666135353938393738353661376132
36663635356663646339663961626632616537616235626439333436346632356636316332343066
36323631666464303736633733343166363961366463336265613661633836336437333136643734
31623662366434333034346361356364623930333132616534653730333232393462396134343532
33386530626363666536393537353539376563343339333633303062363539323439363931303133
61346236613934333031363735626333666461303561386638333466373833366238643234653066
33363235323831336334323033326230316666656535366430373538373433333532333136306563
63363836613233323133353932623263613561663936633237633936663861656435653766363439
36366533376464313635356562353238343033643865656635343735653836383838613833313263
63363665646235343266383036613039393335643432373563336361353061346137393738646562
34323233386364656239336164666136336633353634386430633239323938613432393130643966
34363933653530333130373136383939373035363738336434313232323864656133353434616435
61306662333433356365623164626361636134346134303131643030333938356464323637306436
36643933386661363639336632643364633161366530353839353034373934316339306266633963
38656335613635336362366261396465666562353333653665343035383065346463643539636465
34326330643932643765343139636435306339313565656633666231613330626131613262336238
32323536366661343036353639613638626561626161326538316438353861323664623636383464
64346463333239376662323138343564303132393131323239363733363062653630386565613665
62306462326235383862643863313764663366303333656361303135633530326261646561633765
39643864386166633439323166663730643135323833393832663435653566613831386266643630
39663237613134323336316533323736393461353965653766386332393436393139323638343465
63623335323037316432656462326532313936393435323963666532663761323863656564663030
61643665643065313932663439336330353439663531656433363239626264653632656633636633
35653165653635303936343865656464306664383634336363383961343733643036303139343037
32363436383739666565326630636162306531386562313565323835653232666530623961663538
30393766323636323036646266353635396132663632653665616132653130316662326435643532
34613434323634653538396561383262386336393265363566656663663039306561343864313539
37383065656632336235646533646362643032323134636336653239376266613436303166326338
31663365643934616635323639366230306237386465373061303563336438666134633666363733
39326466613230633434333937313635353130306137306232306439346639353830666162613866
63393062363564316139366465353161643739363132636630336332396536393531386363636462
35313361323237666263613836353666633063366233653935376231626265626435323934653765
64373538613463366464323634336136343334656665316135303137666334313134623263623232
39336538666465383334383063353839383533666238666639663039376461636365336261363033
61343865363464383035313031636261316533623039306361663338323632373932363230383039
63363039643463376331363363353231313065353038636232646533656661666533636334316365
32646434663561336463376230383931333434343438633131333138326331613164663432376538
38383535626661356331663463316633396263633061343535613565373232623362653162356235
35613366316362383264623030623763336263396637656130336266336330353366636135396237
32626233386162333934306539366533323137326231613238313434366138306566303035326533
30616431316437323638623164376362666663613234663631643332386238623862623436666133
33663638623430663466646537343238363530363939643965653236613361653536343264653866
62323561373534353236393534373239643834626561343234666534636462636132373132383435
37356232653165313261366437623737353963313661376238653637363565643436343661643532
34366434376439376633623564393961613733653162663839646564353833616237646336353566
30633435306637653939643333366238323235373833366566333434303665663138316334636632
31663538363262316430613931343037363566343762376533306463666665633735663261323561
30616236336333303830323261666137303461623861356433376333646439633038303732373534
61646162376365376136626236616132336562303538613336616237666564626434346439303134
62343933373866663663633739393537386665663931396131363366383034666632643463363635
65636639386634633462646362313964346133393038323465666231663134316535616636396164
30643330326334343265633936373536663035636463353761646139613232383464393737646362
39626161313065376664626333616430323931353638303131366335396464383437616232633134
31326164646362313633653130383832373334393134346635656664633336313637336366373662
63393838643135366631363962666335323062306663333832373233653265333461383935353061
61336137313164656364343261323433643831646563343531333530376564353734626530343261
37636432343137303266353231363738636462383733306535313035386231386438366466613636
30333335656366393465613432336435383938643435306633313238636266306637653336306633
38613530326261396166343036306634313939316333613634643363376465383864313138613437
36336565633765626131643335643331643139393431626533343135323366303862623333626130
33353965323932373038616637393731306237633062666531313331656262393732306132623235
39333361343066633031303539366561326638316534626433393839356430376364336436613034
30396134343038656234313631326635633061326230343734333838376461363766306633313365
35353066343261356432663533663532363536633662303361383136646263363738613439373462
64633334366366623061333134316361616335313463323263336362653264666431326438303163
31666666303865666465303261333533333562363434616238643139643934613032386439656263
66396664366330303163376365366361373066343265653666623338383838623032383936353633
64663038363731613763373865616162616632343939333434613732663931336232376637393134
66663265373531353331656132663330323935653238633333396666623163323964363231306639
31636639626361343962616537613735323065643665356161323361666130356439333266363639
30616234346430633435653065666237313038303266346463343539306638363037323365306235
37336634326266303530393736666164666665343331656530633832346466323935373036313137
33366530383039613562623461316331626135396463633537356638666430643665663334633737
30623064373965333034363864353339343261393762396634643439343039376331623030626663
38373065643734633632316665643863636164616132643038323964626132336635303262656161
64643637346135613266336437633337666264636362343434333239323964336539636631353732
63353830643365333230653535623761313137386263633363643533636536326231633534656632
37386230343436643839303634663838626263346535323334376134306166656462643664383932
31366662393663663233346563303932373665336532663231666163303834343033623937623637
37326666346562616634303033316565313366306131343634393366336665636634303562643861
34393234306636386562323333393538343539306636333163313837353632333932313062383031
34666537613065666134613865336665656661663836356163663534636236393734303932626533
39653537323130323563653633393864663737623563396562323331306231323561323431303435
66616633353634383539663663623632303662666336356637623061326563613765636236323465
63633934356330616131643039316361653935343665653934663638326662313936663435616361
38646537663063616666623132303532323766616262643366626563656634316337633731393935
34633638353465363236373133393562656665343831643831323630316436393736376339623432
37653865383531383931663335306464376466646133333432326665643931313732363661366331
30656363396638663138383661376330313237653438383664613531386531363335346431353934
65373334656566653136343761383866613361386163383433633162316334373239653133306464
34316435366564336532663036653865613735323936666638616636363561336431306666656361
32333737623639356532353264663165666661343164323463613364396561343134313134383266
31343064643639303036633133323733316635663366643539656538646261316338653564663333
30653731643532336131656164316462393564646265316161333765363566643532306339356136
63656464613266616665323235393730656364366236313834346465373539356166646636646435
37313166313937373438363535393937373461623363373364613964303265343561343138643738
35303937336139626339336364353432353631646166393438303837613335356230663164386230
36383663616463303530666165393962666137363834383663613062343764633138643564346462
30346439666266333733326334363263313735366537343230303562353433386335373265306231
34316630323830643433373731663135663839633061336139383364323730303661386333343566
39633832376432306431353133323737376235363664626164643264356637656639626562383061
36346633666634306438653039343938653431376566336664333966636165633136393562303332
39323039633661626337386436373736313931346139383238613432336462306436386664343962
37613733656364666436336564393762656231333034333430383535393064316361343831623632
33373830396635613564363232313162663966333631633133303636393862326266613839353236
65376334343765616637346133643036656139396263626230343933613432383365383065306135
34343238343637336132356166386231323232656331306334663632346662633436666130366463
35346464353238303361306539613363663439653363363465336132383135373665643234646437
63376531383738653165636232356534663662653162333433646566653031623534386132366336
35386230333938633339623561663536643630633064393764396133343233383638323935613833
63373730643038666266663839313566666463613161636132393431353538343766643337303837
31626538396162376664613932393765653533646136373134613266653066393766326562346334
39613735396539663565306563343865383763323565366362366636303664653935383761306231
36333437306464346463383930313764623338396464663165393835316538393137393663313730
35333739376238326234323631343262393333326165333435373763393036326231343864393738
61343432303431366532323330363266363566363236316537346535303630366636396139616536
36383136306139623539333736346337343837323737346366373733333332386138316634333131
37653832316639313664613733623661616461393634626637313938653837636662383262396337
39643839656366363836646535336565343939343734316262343866323136383964383334356430
37383765343933616565323837393864636337326630636131363962323334656237333139663536
37326661363130643939666533313165393865633631383961663134633938616538643031353166
66663561373034333737623461363830346666636337643061636664633933393933316461393964
30616132666236623830383261383465626531393936336530643637363364313431373839626461
34303362333762343736343063363436306131666361623836326463353133353532383166393464
34613964376634383466353333303064643533376462643037313430633065383365616139336365
32633534316534633534386264386131343830633330333731633563643438393466336235343934
36313462666235363833393239656536663663393865303432653734653738303265613234353763
62306466626535373739643062313734333163303133613861653338613161373435363363336562
63636464336562633266383135653832636339343363653862313430326435623032333361623161
34393763353361373133613838653463633438363666326338633537656134633739373836343965
65636435376138396563333634393161333535623966653962643165336234343537396265393131
30613133636336656161316439303530303937383835656464633663383535313364313661636131
63643437616634646262346337663661313365653465386630363538356133353936333066343130
38643837393465396431346631306231633137633066313230653939383963646633613165393036
32353638623364353466313962623238643564366365353834613138393731313562386563656262
36623432343432656466376533396231313633643038613030653730363264303937323365393063
37643965356538646333376562613061623232356538373266346361353732333865613066323861
63666434353761363732373162313936643166386639343832646332363061313732396133653532
33643665663366646466653165666362313239333537626531396134383266366463383635353561
64376230363030626262636139343466386631626337653330623136363032353334633931666661
62663566623361383933326436336664303533303465616639653731626135363361393465376134
65653662623338656263336633653837653164373635613238643237336133393138323061376130
39613962353834373633623331336132326431353330656566343538333562616436313063616165
31396663316538613837323561646666613839383837353163366130616535616433353465613163
35303063386666663037613436393436663564393633386233323366353933316237353333363731
39343361303233666435633861656131343232343437613037353339356638363166363038346230
36386333333563636534623135303962396566653734326161386532653061356230363663396330
64626333346131383666646265396335313135323632316539306164306664343938623032336236
39316161626235623261343864363533353939376161636661343138393861383831383137336531
35306237393937656463613165633763393163646366343239313463656434326239
